array1 = [10, 5, 2, 7, 3, 1, 6, 4, 8, 9]
array2 = [1, 2, 3, 4, 5, 6, 7, 8, 9, 10]
array3 = [10, 9, 8, 7, 6, 5, 4, 3, 2, 1]
array4 = [1, 10, 2, 9, 3, 8, 4, 7, 5, 6]
array5 = [100, 50, 20, 70, 30, 10, 60, 40, 80, 90]


array6 = [1, 2, 3, 4, 5, 6, 7, 8, 9, 10, 11, 12, 13, 14, 15, 16, 17, 18, 19, 20, 21, 22, 23, 24, 25, 26, 27, 28, 29, 30, 31, 32, 33, 34, 35, 36, 37, 38, 39, 40, 41, 42, 43, 44, 45, 46, 47, 48, 49, 50]


array7 = [50, 49, 48, 47, 46, 45, 44, 43, 42, 41, 40, 39, 38, 37, 36, 35, 34, 33, 32, 31, 30, 29, 28, 27, 26, 25, 24, 23, 22, 21, 20, 19, 18, 17, 16, 15, 14, 13, 12, 11, 10, 9, 8, 7, 6, 5, 4, 3, 2, 1]


array8 = [1, 50, 2, 49, 3, 48, 4, 47, 5, 46, 6, 45, 7, 44, 8, 43, 9, 42, 10, 41, 11, 40, 12, 39, 13, 38, 14, 37, 15, 36, 16, 35, 17, 34, 18, 33, 19, 32, 20, 31, 21, 30, 22, 29, 23, 28, 24, 27, 25, 26]
